Initial number of nuclei A : 100
Initial number of nuclei B : 0
Time constant : 1.00 s
Time step : 0.01 s
Total time : 10.00 s
Time		Number of nuclei A		Number of nuclei B
0.00		   100.000000			     0.000000
0.01		    99.000000			     1.000000
0.02		    98.020000			     1.980000
0.03		    97.059600			     2.940400
0.04		    96.118408			     3.881592
0.05		    95.196040			     4.803960
0.06		    94.292119			     5.707881
0.07		    93.406277			     6.593723
0.08		    92.538151			     7.461849
0.09		    91.687388			     8.312612
0.10		    90.853640			     9.146360
0.11		    90.036568			     9.963432
0.12		    89.235836			    10.764164
0.13		    88.451119			    11.548881
0.14		    87.682097			    12.317903
0.15		    86.928455			    13.071545
0.16		    86.189886			    13.810114
0.17		    85.466088			    14.533912
0.18		    84.756767			    15.243233
0.19		    84.061631			    15.938369
0.20		    83.380399			    16.619601
0.21		    82.712791			    17.287209
0.22		    82.058535			    17.941465
0.23		    81.417364			    18.582636
0.24		    80.789017			    19.210983
0.25		    80.173236			    19.826764
0.26		    79.569772			    20.430228
0.27		    78.978376			    21.021624
0.28		    78.398809			    21.601191
0.29		    77.830833			    22.169167
0.30		    77.274216			    22.725784
0.31		    76.728732			    23.271268
0.32		    76.194157			    23.805843
0.33		    75.670274			    24.329726
0.34		    75.156868			    24.843132
0.35		    74.653731			    25.346269
0.36		    74.160656			    25.839344
0.37		    73.677443			    26.322557
0.38		    73.203894			    26.796106
0.39		    72.739817			    27.260183
0.40		    72.285020			    27.714980
0.41		    71.839320			    28.160680
0.42		    71.402533			    28.597467
0.43		    70.974483			    29.025517
0.44		    70.554993			    29.445007
0.45		    70.143893			    29.856107
0.46		    69.741015			    30.258985
0.47		    69.346195			    30.653805
0.48		    68.959271			    31.040729
0.49		    68.580086			    31.419914
0.50		    68.208484			    31.791516
0.51		    67.844314			    32.155686
0.52		    67.487428			    32.512572
0.53		    67.137679			    32.862321
0.54		    66.794926			    33.205074
0.55		    66.459027			    33.540973
0.56		    66.129847			    33.870153
0.57		    65.807250			    34.192750
0.58		    65.491105			    34.508895
0.59		    65.181283			    34.818717
0.60		    64.877657			    35.122343
0.61		    64.580104			    35.419896
0.62		    64.288502			    35.711498
0.63		    64.002732			    35.997268
0.64		    63.722677			    36.277323
0.65		    63.448224			    36.551776
0.66		    63.179259			    36.820741
0.67		    62.915674			    37.084326
0.68		    62.657361			    37.342639
0.69		    62.404213			    37.595787
0.70		    62.156129			    37.843871
0.71		    61.913006			    38.086994
0.72		    61.674746			    38.325254
0.73		    61.441251			    38.558749
0.74		    61.212426			    38.787574
0.75		    60.988178			    39.011822
0.76		    60.768414			    39.231586
0.77		    60.553046			    39.446954
0.78		    60.341985			    39.658015
0.79		    60.135145			    39.864855
0.80		    59.932443			    40.067557
0.81		    59.733794			    40.266206
0.82		    59.539118			    40.460882
0.83		    59.348335			    40.651665
0.84		    59.161369			    40.838631
0.85		    58.978141			    41.021859
0.86		    58.798579			    41.201421
0.87		    58.622607			    41.377393
0.88		    58.450155			    41.549845
0.89		    58.281152			    41.718848
0.90		    58.115529			    41.884471
0.91		    57.953218			    42.046782
0.92		    57.794154			    42.205846
0.93		    57.638271			    42.361729
0.94		    57.485505			    42.514495
0.95		    57.335795			    42.664205
0.96		    57.189079			    42.810921
0.97		    57.045298			    42.954702
0.98		    56.904392			    43.095608
0.99		    56.766304			    43.233696
1.00		    56.630978			    43.369022
1.01		    56.498358			    43.501642
1.02		    56.368391			    43.631609
1.03		    56.241023			    43.758977
1.04		    56.116203			    43.883797
1.05		    55.993879			    44.006121
1.06		    55.874001			    44.125999
1.07		    55.756521			    44.243479
1.08		    55.641391			    44.358609
1.09		    55.528563			    44.471437
1.10		    55.417992			    44.582008
1.11		    55.309632			    44.690368
1.12		    55.203439			    44.796561
1.13		    55.099370			    44.900630
1.14		    54.997383			    45.002617
1.15		    54.897435			    45.102565
1.16		    54.799487			    45.200513
1.17		    54.703497			    45.296503
1.18		    54.609427			    45.390573
1.19		    54.517238			    45.482762
1.20		    54.426894			    45.573106
1.21		    54.338356			    45.661644
1.22		    54.251589			    45.748411
1.23		    54.166557			    45.833443
1.24		    54.083226			    45.916774
1.25		    54.001561			    45.998439
1.26		    53.921530			    46.078470
1.27		    53.843099			    46.156901
1.28		    53.766237			    46.233763
1.29		    53.690913			    46.309087
1.30		    53.617094			    46.382906
1.31		    53.544753			    46.455247
1.32		    53.473857			    46.526143
1.33		    53.404380			    46.595620
1.34		    53.336293			    46.663707
1.35		    53.269567			    46.730433
1.36		    53.204176			    46.795824
1.37		    53.140092			    46.859908
1.38		    53.077290			    46.922710
1.39		    53.015744			    46.984256
1.40		    52.955429			    47.044571
1.41		    52.896321			    47.103679
1.42		    52.838394			    47.161606
1.43		    52.781627			    47.218373
1.44		    52.725994			    47.274006
1.45		    52.671474			    47.328526
1.46		    52.618045			    47.381955
1.47		    52.565684			    47.434316
1.48		    52.514370			    47.485630
1.49		    52.464083			    47.535917
1.50		    52.414801			    47.585199
1.51		    52.366505			    47.633495
1.52		    52.319175			    47.680825
1.53		    52.272791			    47.727209
1.54		    52.227336			    47.772664
1.55		    52.182789			    47.817211
1.56		    52.139133			    47.860867
1.57		    52.096350			    47.903650
1.58		    52.054423			    47.945577
1.59		    52.013335			    47.986665
1.60		    51.973068			    48.026932
1.61		    51.933607			    48.066393
1.62		    51.894935			    48.105065
1.63		    51.857036			    48.142964
1.64		    51.819895			    48.180105
1.65		    51.783497			    48.216503
1.66		    51.747828			    48.252172
1.67		    51.712871			    48.287129
1.68		    51.678614			    48.321386
1.69		    51.645041			    48.354959
1.70		    51.612140			    48.387860
1.71		    51.579898			    48.420102
1.72		    51.548300			    48.451700
1.73		    51.517334			    48.482666
1.74		    51.486987			    48.513013
1.75		    51.457247			    48.542753
1.76		    51.428102			    48.571898
1.77		    51.399540			    48.600460
1.78		    51.371549			    48.628451
1.79		    51.344118			    48.655882
1.80		    51.317236			    48.682764
1.81		    51.290891			    48.709109
1.82		    51.265074			    48.734926
1.83		    51.239772			    48.760228
1.84		    51.214977			    48.785023
1.85		    51.190677			    48.809323
1.86		    51.166864			    48.833136
1.87		    51.143526			    48.856474
1.88		    51.120656			    48.879344
1.89		    51.098243			    48.901757
1.90		    51.076278			    48.923722
1.91		    51.054752			    48.945248
1.92		    51.033657			    48.966343
1.93		    51.012984			    48.987016
1.94		    50.992724			    49.007276
1.95		    50.972870			    49.027130
1.96		    50.953412			    49.046588
1.97		    50.934344			    49.065656
1.98		    50.915657			    49.084343
1.99		    50.897344			    49.102656
2.00		    50.879397			    49.120603
2.01		    50.861809			    49.138191
2.02		    50.844573			    49.155427
2.03		    50.827682			    49.172318
2.04		    50.811128			    49.188872
2.05		    50.794906			    49.205094
2.06		    50.779007			    49.220993
2.07		    50.763427			    49.236573
2.08		    50.748159			    49.251841
2.09		    50.733196			    49.266804
2.10		    50.718532			    49.281468
2.11		    50.704161			    49.295839
2.12		    50.690078			    49.309922
2.13		    50.676276			    49.323724
2.14		    50.662751			    49.337249
2.15		    50.649496			    49.350504
2.16		    50.636506			    49.363494
2.17		    50.623776			    49.376224
2.18		    50.611300			    49.388700
2.19		    50.599074			    49.400926
2.20		    50.587093			    49.412907
2.21		    50.575351			    49.424649
2.22		    50.563844			    49.436156
2.23		    50.552567			    49.447433
2.24		    50.541516			    49.458484
2.25		    50.530685			    49.469315
2.26		    50.520072			    49.479928
2.27		    50.509670			    49.490330
2.28		    50.499477			    49.500523
2.29		    50.489487			    49.510513
2.30		    50.479697			    49.520303
2.31		    50.470104			    49.529896
2.32		    50.460701			    49.539299
2.33		    50.451487			    49.548513
2.34		    50.442458			    49.557542
2.35		    50.433609			    49.566391
2.36		    50.424936			    49.575064
2.37		    50.416438			    49.583562
2.38		    50.408109			    49.591891
2.39		    50.399947			    49.600053
2.40		    50.391948			    49.608052
2.41		    50.384109			    49.615891
2.42		    50.376427			    49.623573
2.43		    50.368898			    49.631102
2.44		    50.361520			    49.638480
2.45		    50.354290			    49.645710
2.46		    50.347204			    49.652796
2.47		    50.340260			    49.659740
2.48		    50.333455			    49.666545
2.49		    50.326786			    49.673214
2.50		    50.320250			    49.679750
2.51		    50.313845			    49.686155
2.52		    50.307568			    49.692432
2.53		    50.301417			    49.698583
2.54		    50.295388			    49.704612
2.55		    50.289480			    49.710520
2.56		    50.283691			    49.716309
2.57		    50.278017			    49.721983
2.58		    50.272457			    49.727543
2.59		    50.267008			    49.732992
2.60		    50.261667			    49.738333
2.61		    50.256434			    49.743566
2.62		    50.251305			    49.748695
2.63		    50.246279			    49.753721
2.64		    50.241354			    49.758646
2.65		    50.236527			    49.763473
2.66		    50.231796			    49.768204
2.67		    50.227160			    49.772840
2.68		    50.222617			    49.777383
2.69		    50.218165			    49.781835
2.70		    50.213801			    49.786199
2.71		    50.209525			    49.790475
2.72		    50.205335			    49.794665
2.73		    50.201228			    49.798772
2.74		    50.197204			    49.802796
2.75		    50.193259			    49.806741
2.76		    50.189394			    49.810606
2.77		    50.185606			    49.814394
2.78		    50.181894			    49.818106
2.79		    50.178256			    49.821744
2.80		    50.174691			    49.825309
2.81		    50.171197			    49.828803
2.82		    50.167773			    49.832227
2.83		    50.164418			    49.835582
2.84		    50.161130			    49.838870
2.85		    50.157907			    49.842093
2.86		    50.154749			    49.845251
2.87		    50.151654			    49.848346
2.88		    50.148621			    49.851379
2.89		    50.145648			    49.854352
2.90		    50.142735			    49.857265
2.91		    50.139881			    49.860119
2.92		    50.137083			    49.862917
2.93		    50.134341			    49.865659
2.94		    50.131655			    49.868345
2.95		    50.129022			    49.870978
2.96		    50.126441			    49.873559
2.97		    50.123912			    49.876088
2.98		    50.121434			    49.878566
2.99		    50.119005			    49.880995
3.00		    50.116625			    49.883375
3.01		    50.114293			    49.885707
3.02		    50.112007			    49.887993
3.03		    50.109767			    49.890233
3.04		    50.107571			    49.892429
3.05		    50.105420			    49.894580
3.06		    50.103312			    49.896688
3.07		    50.101245			    49.898755
3.08		    50.099220			    49.900780
3.09		    50.097236			    49.902764
3.10		    50.095291			    49.904709
3.11		    50.093386			    49.906614
3.12		    50.091518			    49.908482
3.13		    50.089687			    49.910313
3.14		    50.087894			    49.912106
3.15		    50.086136			    49.913864
3.16		    50.084413			    49.915587
3.17		    50.082725			    49.917275
3.18		    50.081070			    49.918930
3.19		    50.079449			    49.920551
3.20		    50.077860			    49.922140
3.21		    50.076303			    49.923697
3.22		    50.074777			    49.925223
3.23		    50.073281			    49.926719
3.24		    50.071816			    49.928184
3.25		    50.070379			    49.929621
3.26		    50.068972			    49.931028
3.27		    50.067592			    49.932408
3.28		    50.066240			    49.933760
3.29		    50.064916			    49.935084
3.30		    50.063617			    49.936383
3.31		    50.062345			    49.937655
3.32		    50.061098			    49.938902
3.33		    50.059876			    49.940124
3.34		    50.058679			    49.941321
3.35		    50.057505			    49.942495
3.36		    50.056355			    49.943645
3.37		    50.055228			    49.944772
3.38		    50.054123			    49.945877
3.39		    50.053041			    49.946959
3.40		    50.051980			    49.948020
3.41		    50.050940			    49.949060
3.42		    50.049922			    49.950078
3.43		    50.048923			    49.951077
3.44		    50.047945			    49.952055
3.45		    50.046986			    49.953014
3.46		    50.046046			    49.953954
3.47		    50.045125			    49.954875
3.48		    50.044223			    49.955777
3.49		    50.043338			    49.956662
3.50		    50.042471			    49.957529
3.51		    50.041622			    49.958378
3.52		    50.040790			    49.959210
3.53		    50.039974			    49.960026
3.54		    50.039174			    49.960826
3.55		    50.038391			    49.961609
3.56		    50.037623			    49.962377
3.57		    50.036870			    49.963130
3.58		    50.036133			    49.963867
3.59		    50.035410			    49.964590
3.60		    50.034702			    49.965298
3.61		    50.034008			    49.965992
3.62		    50.033328			    49.966672
3.63		    50.032661			    49.967339
3.64		    50.032008			    49.967992
3.65		    50.031368			    49.968632
3.66		    50.030741			    49.969259
3.67		    50.030126			    49.969874
3.68		    50.029523			    49.970477
3.69		    50.028933			    49.971067
3.70		    50.028354			    49.971646
3.71		    50.027787			    49.972213
3.72		    50.027231			    49.972769
3.73		    50.026687			    49.973313
3.74		    50.026153			    49.973847
3.75		    50.025630			    49.974370
3.76		    50.025117			    49.974883
3.77		    50.024615			    49.975385
3.78		    50.024123			    49.975877
3.79		    50.023640			    49.976360
3.80		    50.023167			    49.976833
3.81		    50.022704			    49.977296
3.82		    50.022250			    49.977750
3.83		    50.021805			    49.978195
3.84		    50.021369			    49.978631
3.85		    50.020942			    49.979058
3.86		    50.020523			    49.979477
3.87		    50.020112			    49.979888
3.88		    50.019710			    49.980290
3.89		    50.019316			    49.980684
3.90		    50.018930			    49.981070
3.91		    50.018551			    49.981449
3.92		    50.018180			    49.981820
3.93		    50.017816			    49.982184
3.94		    50.017460			    49.982540
3.95		    50.017111			    49.982889
3.96		    50.016769			    49.983231
3.97		    50.016433			    49.983567
3.98		    50.016105			    49.983895
3.99		    50.015782			    49.984218
4.00		    50.015467			    49.984533
4.01		    50.015157			    49.984843
4.02		    50.014854			    49.985146
4.03		    50.014557			    49.985443
4.04		    50.014266			    49.985734
4.05		    50.013981			    49.986019
4.06		    50.013701			    49.986299
4.07		    50.013427			    49.986573
4.08		    50.013159			    49.986841
4.09		    50.012895			    49.987105
4.10		    50.012637			    49.987363
4.11		    50.012385			    49.987615
4.12		    50.012137			    49.987863
4.13		    50.011894			    49.988106
4.14		    50.011656			    49.988344
4.15		    50.011423			    49.988577
4.16		    50.011195			    49.988805
4.17		    50.010971			    49.989029
4.18		    50.010752			    49.989248
4.19		    50.010536			    49.989464
4.20		    50.010326			    49.989674
4.21		    50.010119			    49.989881
4.22		    50.009917			    49.990083
4.23		    50.009719			    49.990281
4.24		    50.009524			    49.990476
4.25		    50.009334			    49.990666
4.26		    50.009147			    49.990853
4.27		    50.008964			    49.991036
4.28		    50.008785			    49.991215
4.29		    50.008609			    49.991391
4.30		    50.008437			    49.991563
4.31		    50.008268			    49.991732
4.32		    50.008103			    49.991897
4.33		    50.007941			    49.992059
4.34		    50.007782			    49.992218
4.35		    50.007626			    49.992374
4.36		    50.007474			    49.992526
4.37		    50.007324			    49.992676
4.38		    50.007178			    49.992822
4.39		    50.007034			    49.992966
4.40		    50.006894			    49.993106
4.41		    50.006756			    49.993244
4.42		    50.006621			    49.993379
4.43		    50.006488			    49.993512
4.44		    50.006358			    49.993642
4.45		    50.006231			    49.993769
4.46		    50.006107			    49.993893
4.47		    50.005984			    49.994016
4.48		    50.005865			    49.994135
4.49		    50.005747			    49.994253
4.50		    50.005633			    49.994367
4.51		    50.005520			    49.994480
4.52		    50.005409			    49.994591
4.53		    50.005301			    49.994699
4.54		    50.005195			    49.994805
4.55		    50.005091			    49.994909
4.56		    50.004990			    49.995010
4.57		    50.004890			    49.995110
4.58		    50.004792			    49.995208
4.59		    50.004696			    49.995304
4.60		    50.004602			    49.995398
4.61		    50.004510			    49.995490
4.62		    50.004420			    49.995580
4.63		    50.004332			    49.995668
4.64		    50.004245			    49.995755
4.65		    50.004160			    49.995840
4.66		    50.004077			    49.995923
4.67		    50.003995			    49.996005
4.68		    50.003915			    49.996085
4.69		    50.003837			    49.996163
4.70		    50.003760			    49.996240
4.71		    50.003685			    49.996315
4.72		    50.003611			    49.996389
4.73		    50.003539			    49.996461
4.74		    50.003468			    49.996532
4.75		    50.003399			    49.996601
4.76		    50.003331			    49.996669
4.77		    50.003264			    49.996736
4.78		    50.003199			    49.996801
4.79		    50.003135			    49.996865
4.80		    50.003072			    49.996928
4.81		    50.003011			    49.996989
4.82		    50.002951			    49.997049
4.83		    50.002892			    49.997108
4.84		    50.002834			    49.997166
4.85		    50.002777			    49.997223
4.86		    50.002722			    49.997278
4.87		    50.002667			    49.997333
4.88		    50.002614			    49.997386
4.89		    50.002562			    49.997438
4.90		    50.002510			    49.997490
4.91		    50.002460			    49.997540
4.92		    50.002411			    49.997589
4.93		    50.002363			    49.997637
4.94		    50.002316			    49.997684
4.95		    50.002269			    49.997731
4.96		    50.002224			    49.997776
4.97		    50.002179			    49.997821
4.98		    50.002136			    49.997864
4.99		    50.002093			    49.997907
5.00		    50.002051			    49.997949
5.01		    50.002010			    49.997990
5.02		    50.001970			    49.998030
5.03		    50.001931			    49.998069
5.04		    50.001892			    49.998108
5.05		    50.001854			    49.998146
5.06		    50.001817			    49.998183
5.07		    50.001781			    49.998219
5.08		    50.001745			    49.998255
5.09		    50.001710			    49.998290
5.10		    50.001676			    49.998324
5.11		    50.001642			    49.998358
5.12		    50.001610			    49.998390
5.13		    50.001577			    49.998423
5.14		    50.001546			    49.998454
5.15		    50.001515			    49.998485
5.16		    50.001485			    49.998515
5.17		    50.001455			    49.998545
5.18		    50.001426			    49.998574
5.19		    50.001397			    49.998603
5.20		    50.001369			    49.998631
5.21		    50.001342			    49.998658
5.22		    50.001315			    49.998685
5.23		    50.001289			    49.998711
5.24		    50.001263			    49.998737
5.25		    50.001238			    49.998762
5.26		    50.001213			    49.998787
5.27		    50.001189			    49.998811
5.28		    50.001165			    49.998835
5.29		    50.001142			    49.998858
5.30		    50.001119			    49.998881
5.31		    50.001097			    49.998903
5.32		    50.001075			    49.998925
5.33		    50.001053			    49.998947
5.34		    50.001032			    49.998968
5.35		    50.001011			    49.998989
5.36		    50.000991			    49.999009
5.37		    50.000971			    49.999029
5.38		    50.000952			    49.999048
5.39		    50.000933			    49.999067
5.40		    50.000914			    49.999086
5.41		    50.000896			    49.999104
5.42		    50.000878			    49.999122
5.43		    50.000860			    49.999140
5.44		    50.000843			    49.999157
5.45		    50.000826			    49.999174
5.46		    50.000810			    49.999190
5.47		    50.000794			    49.999206
5.48		    50.000778			    49.999222
5.49		    50.000762			    49.999238
5.50		    50.000747			    49.999253
5.51		    50.000732			    49.999268
5.52		    50.000717			    49.999283
5.53		    50.000703			    49.999297
5.54		    50.000689			    49.999311
5.55		    50.000675			    49.999325
5.56		    50.000662			    49.999338
5.57		    50.000648			    49.999352
5.58		    50.000636			    49.999364
5.59		    50.000623			    49.999377
5.60		    50.000610			    49.999390
5.61		    50.000598			    49.999402
5.62		    50.000586			    49.999414
5.63		    50.000574			    49.999426
5.64		    50.000563			    49.999437
5.65		    50.000552			    49.999448
5.66		    50.000541			    49.999459
5.67		    50.000530			    49.999470
5.68		    50.000519			    49.999481
5.69		    50.000509			    49.999491
5.70		    50.000499			    49.999501
5.71		    50.000489			    49.999511
5.72		    50.000479			    49.999521
5.73		    50.000469			    49.999531
5.74		    50.000460			    49.999540
5.75		    50.000451			    49.999549
5.76		    50.000442			    49.999558
5.77		    50.000433			    49.999567
5.78		    50.000424			    49.999576
5.79		    50.000416			    49.999584
5.80		    50.000407			    49.999593
5.81		    50.000399			    49.999601
5.82		    50.000391			    49.999609
5.83		    50.000384			    49.999616
5.84		    50.000376			    49.999624
5.85		    50.000368			    49.999632
5.86		    50.000361			    49.999639
5.87		    50.000354			    49.999646
5.88		    50.000347			    49.999653
5.89		    50.000340			    49.999660
5.90		    50.000333			    49.999667
5.91		    50.000326			    49.999674
5.92		    50.000320			    49.999680
5.93		    50.000313			    49.999687
5.94		    50.000307			    49.999693
5.95		    50.000301			    49.999699
5.96		    50.000295			    49.999705
5.97		    50.000289			    49.999711
5.98		    50.000283			    49.999717
5.99		    50.000278			    49.999722
6.00		    50.000272			    49.999728
6.01		    50.000267			    49.999733
6.02		    50.000261			    49.999739
6.03		    50.000256			    49.999744
6.04		    50.000251			    49.999749
6.05		    50.000246			    49.999754
6.06		    50.000241			    49.999759
6.07		    50.000236			    49.999764
6.08		    50.000231			    49.999769
6.09		    50.000227			    49.999773
6.10		    50.000222			    49.999778
6.11		    50.000218			    49.999782
6.12		    50.000213			    49.999787
6.13		    50.000209			    49.999791
6.14		    50.000205			    49.999795
6.15		    50.000201			    49.999799
6.16		    50.000197			    49.999803
6.17		    50.000193			    49.999807
6.18		    50.000189			    49.999811
6.19		    50.000185			    49.999815
6.20		    50.000182			    49.999818
6.21		    50.000178			    49.999822
6.22		    50.000174			    49.999826
6.23		    50.000171			    49.999829
6.24		    50.000168			    49.999832
6.25		    50.000164			    49.999836
6.26		    50.000161			    49.999839
6.27		    50.000158			    49.999842
6.28		    50.000155			    49.999845
6.29		    50.000151			    49.999849
6.30		    50.000148			    49.999852
6.31		    50.000145			    49.999855
6.32		    50.000143			    49.999857
6.33		    50.000140			    49.999860
6.34		    50.000137			    49.999863
6.35		    50.000134			    49.999866
6.36		    50.000131			    49.999869
6.37		    50.000129			    49.999871
6.38		    50.000126			    49.999874
6.39		    50.000124			    49.999876
6.40		    50.000121			    49.999879
6.41		    50.000119			    49.999881
6.42		    50.000116			    49.999884
6.43		    50.000114			    49.999886
6.44		    50.000112			    49.999888
6.45		    50.000110			    49.999890
6.46		    50.000107			    49.999893
6.47		    50.000105			    49.999895
6.48		    50.000103			    49.999897
6.49		    50.000101			    49.999899
6.50		    50.000099			    49.999901
6.51		    50.000097			    49.999903
6.52		    50.000095			    49.999905
6.53		    50.000093			    49.999907
6.54		    50.000091			    49.999909
6.55		    50.000090			    49.999910
6.56		    50.000088			    49.999912
6.57		    50.000086			    49.999914
6.58		    50.000084			    49.999916
6.59		    50.000083			    49.999917
6.60		    50.000081			    49.999919
6.61		    50.000079			    49.999921
6.62		    50.000078			    49.999922
6.63		    50.000076			    49.999924
6.64		    50.000075			    49.999925
6.65		    50.000073			    49.999927
6.66		    50.000072			    49.999928
6.67		    50.000070			    49.999930
6.68		    50.000069			    49.999931
6.69		    50.000067			    49.999933
6.70		    50.000066			    49.999934
6.71		    50.000065			    49.999935
6.72		    50.000064			    49.999936
6.73		    50.000062			    49.999938
6.74		    50.000061			    49.999939
6.75		    50.000060			    49.999940
6.76		    50.000059			    49.999941
6.77		    50.000057			    49.999943
6.78		    50.000056			    49.999944
6.79		    50.000055			    49.999945
6.80		    50.000054			    49.999946
6.81		    50.000053			    49.999947
6.82		    50.000052			    49.999948
6.83		    50.000051			    49.999949
6.84		    50.000050			    49.999950
6.85		    50.000049			    49.999951
6.86		    50.000048			    49.999952
6.87		    50.000047			    49.999953
6.88		    50.000046			    49.999954
6.89		    50.000045			    49.999955
6.90		    50.000044			    49.999956
6.91		    50.000043			    49.999957
6.92		    50.000042			    49.999958
6.93		    50.000042			    49.999958
6.94		    50.000041			    49.999959
6.95		    50.000040			    49.999960
6.96		    50.000039			    49.999961
6.97		    50.000038			    49.999962
6.98		    50.000038			    49.999962
6.99		    50.000037			    49.999963
7.00		    50.000036			    49.999964
7.01		    50.000035			    49.999965
7.02		    50.000035			    49.999965
7.03		    50.000034			    49.999966
7.04		    50.000033			    49.999967
7.05		    50.000033			    49.999967
7.06		    50.000032			    49.999968
7.07		    50.000031			    49.999969
7.08		    50.000031			    49.999969
7.09		    50.000030			    49.999970
7.10		    50.000029			    49.999971
7.11		    50.000029			    49.999971
7.12		    50.000028			    49.999972
7.13		    50.000028			    49.999972
7.14		    50.000027			    49.999973
7.15		    50.000027			    49.999973
7.16		    50.000026			    49.999974
7.17		    50.000026			    49.999974
7.18		    50.000025			    49.999975
7.19		    50.000025			    49.999975
7.20		    50.000024			    49.999976
7.21		    50.000024			    49.999976
7.22		    50.000023			    49.999977
7.23		    50.000023			    49.999977
7.24		    50.000022			    49.999978
7.25		    50.000022			    49.999978
7.26		    50.000021			    49.999979
7.27		    50.000021			    49.999979
7.28		    50.000020			    49.999980
7.29		    50.000020			    49.999980
7.30		    50.000020			    49.999980
7.31		    50.000019			    49.999981
7.32		    50.000019			    49.999981
7.33		    50.000019			    49.999981
7.34		    50.000018			    49.999982
7.35		    50.000018			    49.999982
7.36		    50.000017			    49.999983
7.37		    50.000017			    49.999983
7.38		    50.000017			    49.999983
7.39		    50.000016			    49.999984
7.40		    50.000016			    49.999984
7.41		    50.000016			    49.999984
7.42		    50.000015			    49.999985
7.43		    50.000015			    49.999985
7.44		    50.000015			    49.999985
7.45		    50.000015			    49.999985
7.46		    50.000014			    49.999986
7.47		    50.000014			    49.999986
7.48		    50.000014			    49.999986
7.49		    50.000013			    49.999987
7.50		    50.000013			    49.999987
7.51		    50.000013			    49.999987
7.52		    50.000013			    49.999987
7.53		    50.000012			    49.999988
7.54		    50.000012			    49.999988
7.55		    50.000012			    49.999988
7.56		    50.000012			    49.999988
7.57		    50.000011			    49.999989
7.58		    50.000011			    49.999989
7.59		    50.000011			    49.999989
7.60		    50.000011			    49.999989
7.61		    50.000011			    49.999989
7.62		    50.000010			    49.999990
7.63		    50.000010			    49.999990
7.64		    50.000010			    49.999990
7.65		    50.000010			    49.999990
7.66		    50.000010			    49.999990
7.67		    50.000009			    49.999991
7.68		    50.000009			    49.999991
7.69		    50.000009			    49.999991
7.70		    50.000009			    49.999991
7.71		    50.000009			    49.999991
7.72		    50.000008			    49.999992
7.73		    50.000008			    49.999992
7.74		    50.000008			    49.999992
7.75		    50.000008			    49.999992
7.76		    50.000008			    49.999992
7.77		    50.000008			    49.999992
7.78		    50.000007			    49.999993
7.79		    50.000007			    49.999993
7.80		    50.000007			    49.999993
7.81		    50.000007			    49.999993
7.82		    50.000007			    49.999993
7.83		    50.000007			    49.999993
7.84		    50.000007			    49.999993
7.85		    50.000006			    49.999994
7.86		    50.000006			    49.999994
7.87		    50.000006			    49.999994
7.88		    50.000006			    49.999994
7.89		    50.000006			    49.999994
7.90		    50.000006			    49.999994
7.91		    50.000006			    49.999994
7.92		    50.000006			    49.999994
7.93		    50.000006			    49.999994
7.94		    50.000005			    49.999995
7.95		    50.000005			    49.999995
7.96		    50.000005			    49.999995
7.97		    50.000005			    49.999995
7.98		    50.000005			    49.999995
7.99		    50.000005			    49.999995
8.00		    50.000005			    49.999995
8.01		    50.000005			    49.999995
8.02		    50.000005			    49.999995
8.03		    50.000005			    49.999995
8.04		    50.000004			    49.999996
8.05		    50.000004			    49.999996
8.06		    50.000004			    49.999996
8.07		    50.000004			    49.999996
8.08		    50.000004			    49.999996
8.09		    50.000004			    49.999996
8.10		    50.000004			    49.999996
8.11		    50.000004			    49.999996
8.12		    50.000004			    49.999996
8.13		    50.000004			    49.999996
8.14		    50.000004			    49.999996
8.15		    50.000004			    49.999996
8.16		    50.000003			    49.999997
8.17		    50.000003			    49.999997
8.18		    50.000003			    49.999997
8.19		    50.000003			    49.999997
8.20		    50.000003			    49.999997
8.21		    50.000003			    49.999997
8.22		    50.000003			    49.999997
8.23		    50.000003			    49.999997
8.24		    50.000003			    49.999997
8.25		    50.000003			    49.999997
8.26		    50.000003			    49.999997
8.27		    50.000003			    49.999997
8.28		    50.000003			    49.999997
8.29		    50.000003			    49.999997
8.30		    50.000003			    49.999997
8.31		    50.000003			    49.999997
8.32		    50.000003			    49.999997
8.33		    50.000002			    49.999998
8.34		    50.000002			    49.999998
8.35		    50.000002			    49.999998
8.36		    50.000002			    49.999998
8.37		    50.000002			    49.999998
8.38		    50.000002			    49.999998
8.39		    50.000002			    49.999998
8.40		    50.000002			    49.999998
8.41		    50.000002			    49.999998
8.42		    50.000002			    49.999998
8.43		    50.000002			    49.999998
8.44		    50.000002			    49.999998
8.45		    50.000002			    49.999998
8.46		    50.000002			    49.999998
8.47		    50.000002			    49.999998
8.48		    50.000002			    49.999998
8.49		    50.000002			    49.999998
8.50		    50.000002			    49.999998
8.51		    50.000002			    49.999998
8.52		    50.000002			    49.999998
8.53		    50.000002			    49.999998
8.54		    50.000002			    49.999998
8.55		    50.000002			    49.999998
8.56		    50.000002			    49.999998
8.57		    50.000002			    49.999998
8.58		    50.000001			    49.999999
8.59		    50.000001			    49.999999
8.60		    50.000001			    49.999999
8.61		    50.000001			    49.999999
8.62		    50.000001			    49.999999
8.63		    50.000001			    49.999999
8.64		    50.000001			    49.999999
8.65		    50.000001			    49.999999
8.66		    50.000001			    49.999999
8.67		    50.000001			    49.999999
8.68		    50.000001			    49.999999
8.69		    50.000001			    49.999999
8.70		    50.000001			    49.999999
8.71		    50.000001			    49.999999
8.72		    50.000001			    49.999999
8.73		    50.000001			    49.999999
8.74		    50.000001			    49.999999
8.75		    50.000001			    49.999999
8.76		    50.000001			    49.999999
8.77		    50.000001			    49.999999
8.78		    50.000001			    49.999999
8.79		    50.000001			    49.999999
8.80		    50.000001			    49.999999
8.81		    50.000001			    49.999999
8.82		    50.000001			    49.999999
8.83		    50.000001			    49.999999
8.84		    50.000001			    49.999999
8.85		    50.000001			    49.999999
8.86		    50.000001			    49.999999
8.87		    50.000001			    49.999999
8.88		    50.000001			    49.999999
8.89		    50.000001			    49.999999
8.90		    50.000001			    49.999999
8.91		    50.000001			    49.999999
8.92		    50.000001			    49.999999
8.93		    50.000001			    49.999999
8.94		    50.000001			    49.999999
8.95		    50.000001			    49.999999
8.96		    50.000001			    49.999999
8.97		    50.000001			    49.999999
8.98		    50.000001			    49.999999
8.99		    50.000001			    49.999999
9.00		    50.000001			    49.999999
9.01		    50.000001			    49.999999
9.02		    50.000001			    49.999999
9.03		    50.000001			    49.999999
9.04		    50.000001			    49.999999
9.05		    50.000001			    49.999999
9.06		    50.000001			    49.999999
9.07		    50.000001			    49.999999
9.08		    50.000001			    49.999999
9.09		    50.000001			    49.999999
9.10		    50.000001			    49.999999
9.11		    50.000001			    49.999999
9.12		    50.000000			    50.000000
9.13		    50.000000			    50.000000
9.14		    50.000000			    50.000000
9.15		    50.000000			    50.000000
9.16		    50.000000			    50.000000
9.17		    50.000000			    50.000000
9.18		    50.000000			    50.000000
9.19		    50.000000			    50.000000
9.20		    50.000000			    50.000000
9.21		    50.000000			    50.000000
9.22		    50.000000			    50.000000
9.23		    50.000000			    50.000000
9.24		    50.000000			    50.000000
9.25		    50.000000			    50.000000
9.26		    50.000000			    50.000000
9.27		    50.000000			    50.000000
9.28		    50.000000			    50.000000
9.29		    50.000000			    50.000000
9.30		    50.000000			    50.000000
9.31		    50.000000			    50.000000
9.32		    50.000000			    50.000000
9.33		    50.000000			    50.000000
9.34		    50.000000			    50.000000
9.35		    50.000000			    50.000000
9.36		    50.000000			    50.000000
9.37		    50.000000			    50.000000
9.38		    50.000000			    50.000000
9.39		    50.000000			    50.000000
9.40		    50.000000			    50.000000
9.41		    50.000000			    50.000000
9.42		    50.000000			    50.000000
9.43		    50.000000			    50.000000
9.44		    50.000000			    50.000000
9.45		    50.000000			    50.000000
9.46		    50.000000			    50.000000
9.47		    50.000000			    50.000000
9.48		    50.000000			    50.000000
9.49		    50.000000			    50.000000
9.50		    50.000000			    50.000000
9.51		    50.000000			    50.000000
9.52		    50.000000			    50.000000
9.53		    50.000000			    50.000000
9.54		    50.000000			    50.000000
9.55		    50.000000			    50.000000
9.56		    50.000000			    50.000000
9.57		    50.000000			    50.000000
9.58		    50.000000			    50.000000
9.59		    50.000000			    50.000000
9.60		    50.000000			    50.000000
9.61		    50.000000			    50.000000
9.62		    50.000000			    50.000000
9.63		    50.000000			    50.000000
9.64		    50.000000			    50.000000
9.65		    50.000000			    50.000000
9.66		    50.000000			    50.000000
9.67		    50.000000			    50.000000
9.68		    50.000000			    50.000000
9.69		    50.000000			    50.000000
9.70		    50.000000			    50.000000
9.71		    50.000000			    50.000000
9.72		    50.000000			    50.000000
9.73		    50.000000			    50.000000
9.74		    50.000000			    50.000000
9.75		    50.000000			    50.000000
9.76		    50.000000			    50.000000
9.77		    50.000000			    50.000000
9.78		    50.000000			    50.000000
9.79		    50.000000			    50.000000
9.80		    50.000000			    50.000000
9.81		    50.000000			    50.000000
9.82		    50.000000			    50.000000
9.83		    50.000000			    50.000000
9.84		    50.000000			    50.000000
9.85		    50.000000			    50.000000
9.86		    50.000000			    50.000000
9.87		    50.000000			    50.000000
9.88		    50.000000			    50.000000
9.89		    50.000000			    50.000000
9.90		    50.000000			    50.000000
9.91		    50.000000			    50.000000
9.92		    50.000000			    50.000000
9.93		    50.000000			    50.000000
9.94		    50.000000			    50.000000
9.95		    50.000000			    50.000000
9.96		    50.000000			    50.000000
9.97		    50.000000			    50.000000
9.98		    50.000000			    50.000000
9.99		    50.000000			    50.000000
10.00		    50.000000			    50.000000
